0.19831557723333063,0.5068837231717394,-0.44651894857073,0.3473217889165041,-0.0766129341025171,0.07524105338680888,0.08970967961044585,-0.42941476055551187,-0.6044613214211451,-0.039538625857777614,0.34058295622515916,0.062224002194450845,0.16215406948159716,0.2756467568815701,0.1003488994552359,0.020305662852096354,0.05992960659837773,0.18975188931065384,-0.026455506301405675,0.49634783972066293,0.06069004316032424,-0.5536281456826218,0.2623307160841123,-0.4966397057507109,-0.2587365820284781,-0.5793879589028241,-0.14721793108124148,-0.14206390429645532,0.19222134033243693,-0.17463295864122588,-0.4909625301880484,0.09882350848698426,-0.3100945828691492,-0.09804746814925583,0.300253184295865,-0.19799102345141895,-0.1762691862019865,0.25494437686887145,-0.24445938139834372,0.2741170781857735,-0.14658373050874823,-0.1618235969446784,-0.33563773949846987,0.29697458000781585,0.30061242794214504,0.14238171727681653,0.32561378761955895,0.17595408738014995,0.08657651400734136,0.1047123124119031,0.11276886662401642,-0.2020733141453667,-0.2935382162505092,-0.20766794436856076,-0.29685589487223496,-0.07389807389752762,-0.4925456244065395,0.14539890292504093,-0.4050869966785398,0.5070743156423765,0.018754026901561582,-0.3341033679030335,0.008280459507051433,0.09790117281820108,0.31792646809744696,-0.15116756677251858,-0.21707055374048834,0.680108320639856,-0.4060781152604144,0.14474045562986215,-0.25211839847223994,-0.08736888868337095,-0.08236438716903066,0.5814487766010435,0.3020755279363912,-0.03565615507312178,0.11286796321662595,0.2737278854767539,-0.3823694517097438,0.3683725374657416,0.23716767252117554,-0.13131201609733914,-0.30457936953251186,-0.05423939072161606,-0.04279538384978278,0.28240761850285967,0.02226159767937538,-0.2705445097120378,0.34626247401898164,-0.0667195665682426,0.2878154496349078,0.5009079400320197,0.1441295839447498,-0.09496102159718257,-0.372657973836846,0.42826994396567675,0.03243156021141645,-0.11060696422853933,-0.4820511188977321,0.05316172335845293,-0.004040833675735003,0.1716465236181181,-0.01650395647319025,0.14885003444248018,-0.3454000738774119,-0.04072541430947402,0.1911822257106408,-0.02660362925805708,0.24466644312322014,-0.14269295490309675,
0.5068837231717394,2.9524993336973986,3.143594705337029,-1.3066062848231854,-1.6277161044760233,1.5454883488772833,2.094709962397122,-0.6126972800937244,-1.0527050378726197,0.8559204619875835,3.426754570869579,-6.453704937955226,-0.45115010481645207,1.9902170478238852,-1.0673816223554404,-1.3718162739312159,1.9266364304075134,0.3865388381814707,0.177057096655989,2.709352795628999,-0.14878926938701473,-0.26814201785590375,0.811697408157761,-0.7135177117000054,-2.8576138601435814,1.9011310822871639,0.05804354417430607,3.140654257212896,0.6437396332325267,-0.3559660423061929,-1.0331782590970957,-1.3571109175307814,-0.7257399826074155,-1.496623302932469,-0.23489177557129415,0.8350090587212647,-1.1629625573938909,0.9238661472347102,-2.6651610171227773,0.36178086731397185,2.6555982257429713,-1.6960139090892172,1.7770983722141862,0.6265515778268367,2.50315838091245,0.10247018641512684,-1.3209620558532025,-0.3756279448802578,0.6235789160850445,0.3302160790287458,-0.4484921645730272,0.6676358140059693,1.831380332094854,1.836173134739471,-0.344478076580757,0.2229193186775663,-0.5130794703735021,-1.0949524441568166,-1.0515163755230588,-5.25073523376285,2.8777050122422816,2.512636093181736,-1.7599311611796373,-2.0038424275586593,-0.7351233988218699,3.6579139792683417,-6.488602044970413,2.1295203527883726,1.7026641521287562,-2.037753298037347,0.5103895719492484,-0.27877620841692674,-1.0670479878360324,-0.226052254399153,6.761234806432048,2.456783140832427,-0.578474501025423,-0.6655171096613187,1.873885534364424,-1.6529900684643992,4.235984888988335,-0.7652931917153507,1.5079859032732978,0.19436997501920011,-0.961256001471059,3.3269585495813976,0.6007508147974371,0.7757924020871713,0.7005706800731951,0.16400091748310933,0.4782437771189771,-0.8608172573841333,1.7906986794949202,-2.4743083367275123,-1.3291832646142379,-1.6215748528798095,-2.750710939521095,0.9741377663247353,-1.985025197830519,2.939352745430864,-1.9186274507839012,-2.485594363662065,-4.463461535692933,-3.1081635702685233,3.5931159626432425,-3.665422605192841,-1.9253449486139549,-0.8923578428999837,0.8423535211084727,-2.4148210233312586,
-0.44651894857073,3.143594705337029,12.08616134589802,-6.4566428972651675,-3.530428202968841,3.329941618672808,4.622032925512628,2.2207217831911055,2.6339900386770383,2.5637975058128,5.843673045023473,-17.24084379527706,-2.60358269563251,2.704166831686861,-3.6495000553735473,-3.727489149057027,4.451280370954237,-0.6818487020703862,0.6923047367846321,2.6081727255310554,-0.9225659208415063,4.212443437021791,-0.22551985342084352,2.5556979038518772,-5.0971249620177455,10.050508702535314,1.4546447089612533,9.380689249700513,-0.03860293608975396,0.6269373846845632,1.6787397872587526,-4.385231016647796,0.8710581519146159,-3.001480745377275,-3.268070647290595,3.9138145509994398,-1.4454786507377313,0.1300041656865537,-4.725951209707071,-1.493458890205245,8.166372580555121,-2.9519708048371784,7.569812463584634,-1.0113017852678152,3.809418855586813,-0.9966966454083839,-6.3014061653594755,-2.53056643956861,0.8454115803120553,-0.07393955181045958,-2.1590920046910194,3.5171571551296106,7.337130522944811,6.588602451653572,1.7396998981320313,1.2313086092001981,3.037757808144394,-4.120000632007217,0.8703478993948006,-18.071883977532707,7.2756390686030175,9.458336672179392,-4.624605946510206,-6.049523360885061,-4.718291657983097,10.799007390906583,-14.856175334733516,-0.5196469602845937,8.001516952096983,-6.552274821607621,3.553978649794789,0.05327915829575741,-2.0295597008333384,-5.736970397067821,14.807956413547025,6.669268594800783,-2.4961080198229646,-4.146630905867187,8.23421052509134,-7.538937905597941,8.852758897017852,-0.8154738044543041,6.598662643134552,0.9832776991375134,-2.106611598266112,6.101107016352286,1.3562913643174326,4.403596986107196,-1.2566412563524771,1.0153330867323263,-1.313668011220866,-6.6647934642286435,3.353620208740132,-5.5571510162744,-0.1350696551250712,-7.98846628872926,-7.400799842982523,3.4992686912885373,-0.8617292307340804,7.130164818146113,-4.925816211091671,-7.9488268987324115,-11.39638752323262,-9.356801388271448,12.352590796206067,-9.118003294596106,-6.6731182826712505,-2.0719190921183315,0.010286149137982648,-4.980348126659281,
0.3473217889165041,-1.3066062848231854,-6.4566428972651675,3.514339497246053,1.7621424722890846,-1.6602913623880702,-2.3133322798105342,-1.39418322173615,-1.7105548914769695,-1.3366118533397735,-2.7888519268883574,8.866500209782199,1.430347913920777,-1.2199196794686507,1.928998070475789,1.9210470219720408,-2.2437051562227444,0.46271366149836324,-0.3703671781091139,-1.0387130664672535,0.5087697902029839,-2.4884886229951024,0.2724457626445984,-1.6059501312206876,2.455503626911503,-5.4936537069940155,-0.8330247249237474,-4.888976543420144,0.13477621904582687,-0.42554708417654286,-1.1534512333714004,2.304863279260418,-0.6316121240565145,1.4784368611320844,1.8532667475095073,-2.1227769704335584,0.634786466206843,0.08595777487005521,2.2739626173217684,0.9288264831015949,-4.269812654590997,1.414924522194205,-4.077418179522576,0.6955830284287428,-1.7709972099855174,0.5956097418025169,3.4218526282412602,1.4012119231765716,-0.38114757547278066,0.10051542918472589,1.1731707195015153,-1.9220857664250035,-3.9330701985596086,-3.4983620895017764,-1.0685346256971835,-0.6747835718977562,-1.8503700700718078,2.196901507445795,-0.6880828993806408,9.558243711348162,-3.7147333482131373,-5.043639158535493,2.3732780205028448,3.1566182471321964,2.6065187316847935,-5.620763379521719,7.478175437075744,0.6730309992382898,-4.340644815862319,3.442108337751393,-1.9708848166283928,-0.07955829014097363,0.9900861166515146,3.285864913102677,-7.402622906947394,-3.4367566826393388,1.3458205070293023,2.287319199230493,-4.445625338783047,4.081192314458015,-4.391719785304887,0.3390505250158131,-3.561496711568755,-0.5360016575314875,1.0532198054850892,-2.9554940122144964,-0.681256062934861,-2.4170104013896556,0.850713946756638,-0.5598846193792419,0.8449489361477318,3.7128277152783875,-1.631201088836886,2.78907709894778,-0.1537923880099275,4.347238891406282,3.809454517651935,-1.8581999990341684,0.1528893452919894,-3.6196476787342955,2.5201600045158847,4.173399756793314,5.826371059342437,4.880803424346338,-6.532585050283292,4.645087586990593,3.531780299258654,1.0451409194843961,0.14111765718674135,2.465130183798257,
-0.0766129341025171,-1.6277161044760233,-3.530428202968841,1.7621424722890846,1.2670227868866692,-1.1984629608528308,-1.6467235763446284,-0.25312123652872565,-0.19189394005071153,-0.8117333116345564,-2.340642875026289,5.690603864022726,0.6854023110306142,-1.2175531558248704,1.1053013998567858,1.2225112654007844,-1.5557507835594997,0.011780157123321783,-0.2012252404303265,-1.4367938655972157,0.23918880243572743,-0.7772591336500032,-0.2233614588626918,-0.28851066300089534,1.9979639632464679,-2.6988615242139753,-0.31846413598763945,-2.973019771658364,-0.20598859356459664,-0.01064658447825019,-0.0019178989918700595,1.3529013660879698,0.06202892437820548,1.1146699329928222,0.750199643220173,-1.0824404348093366,0.6837664379738803,-0.3337576604897935,1.8576690287510558,0.18693065512795,-2.5620785262804127,1.1707489102576665,-2.147441011879108,-2.228200793734092E-4,-1.6153300673913853,0.1709364597215004,1.7349858365431268,0.6452875656007633,-0.38110299405292797,-0.09453058232410141,0.5931011455531681,-0.9452387793510209,-2.1176246108185452,-1.9652684716124518,-0.24332482895814134,-0.32732249835224914,-0.45426513503089877,1.2112310544544271,0.17043724438061028,5.461751169571149,-2.452693099664655,-2.7802859814783316,1.5359988365930344,1.91011668890058,1.214702220155825,-3.436619712939742,5.2117489419171585,-0.6008085439122599,-2.2114931324681604,2.0247862743408724,-0.9005556294983101,0.08168524664102672,0.7720193014589305,1.2550377908828756,-5.292433326891407,-2.188100542042769,0.7056106551841426,1.0739978149261336,-2.316251357398754,2.0998473178992234,-3.2284420144499855,0.4220403160864584,-1.8582741245558863,-0.26682273496998654,0.7527096061029099,-2.360424731742681,-0.4785887866115331,-1.1634944898075992,0.02563777913419335,-0.2633232619250455,0.1112502395712136,1.65680762674625,-1.2848213805121773,1.9651966151273543,0.46949474721354617,2.1818613641537494,2.4362320079101605,-1.0434166274215757,0.8368958251861329,-2.4432604005681116,1.6506864610678613,2.4608403574517936,3.8271823195378274,2.957309455079313,-3.7346096589897426,3.093384852276472,2.012284383809003,0.7226781540374118,-0.28204706299081167,1.8267973777764426,
0.07524105338680888,1.5454883488772833,3.329941618672808,-1.6602913623880702,-1.1984629608528308,1.1336526953933757,1.5574765328263844,0.23305579966019796,0.1726877628428271,0.7665404955155768,2.216839030888827,-5.376860960690194,-0.6453988166590102,1.1545633644491444,-1.0430982592701012,-1.1550105817079033,1.4710786647643819,-0.008415098984489305,0.18978363195959427,1.3649115405967978,-0.22516980470627213,0.7265993665550887,0.21483855382715814,0.26553690189982065,-1.891827430373392,2.542189097328131,0.29884766671168295,2.807537854944187,0.19741676419708282,0.0075603636466649304,-0.005218576051466528,-1.2771077902295116,-0.06305960555156023,-1.0547929578491961,-0.7046560856433388,1.0200957943670657,-0.6486994110560611,0.31905973459414183,-1.759041014778198,-0.17272817729878656,2.4191241600559747,-1.1087022192148586,2.0245747063992243,0.0044635191846457145,1.5308292631781526,-0.15949986478631503,-1.6349385930149911,-0.6072918269050234,0.3613909855492337,0.09083315990795973,-0.5588793252720603,0.8903785993804205,1.9970004227264568,1.8542500940435505,0.2256963331248344,0.3082690314889531,0.42223733677488523,-1.1425590716423324,-0.16686835016078921,-5.154219213954194,2.318120194567012,2.622649790682983,-1.4514357878777595,-1.8037023468539093,-1.1433686500121176,3.2455201326323944,-4.928331755881284,0.5775177251090714,2.0840966685695306,-1.9113969715797288,0.8474352992680292,-0.07844564727218996,-0.7307556020175204,-1.1777128140500546,5.0057977123361335,2.0672949134938925,-0.665201990920923,-1.0110327021036882,2.1834351401920533,-1.9791287740910168,3.054348717789565,-0.4007183537694633,1.7517501045140718,0.2513768883809361,-0.7119408294712994,2.234700217981318,0.4525962620321062,1.095654715497322,-0.019269496311399598,0.24789107794544643,-0.10101226362123208,-1.5585480059222487,1.2162499433646068,-1.8585161130760728,-0.44902018309880487,-2.0557761558275613,-2.301831058045764,0.9844688152826833,-0.7977892966687159,2.3096988259421147,-1.5599946937562101,-2.3230928303586436,-3.6170120255912335,-2.7925940593521057,3.5243459250787623,-2.923903346863783,-1.8989173074663968,-0.6833285329331653,0.27004483633351883,-1.7284092028775875,
0.08970967961044585,2.094709962397122,4.622032925512628,-2.3133322798105342,-1.6467235763446284,1.5574765328263844,2.14071513382127,0.35162219895179175,0.28077140328259864,1.0595058902598653,3.0319496706744578,-7.416651516075169,-0.9011708275367903,1.5721415388185052,-1.4450507703565654,-1.59367102621218,2.023715986338974,-0.025009104422006018,0.26349505536565704,1.8465208785347822,-0.3146956768443866,1.0407724409750654,0.27762784791002815,0.4011492561686134,-2.589689499016441,3.5454681587416044,0.42237840592012216,3.88036107884506,0.2585652557964403,0.02276245806392682,0.02749898587270322,-1.7675360752049853,-0.06501830898920019,-1.4471531159077688,-0.9926182875787308,1.4202405112230083,-0.8818067441414014,0.4218235680822298,-2.407646082721821,-0.25748389896493856,3.345234002004981,-1.5169629242287943,2.8146882905364543,-0.014832036529025927,2.0890775388665266,-0.2299391942638755,-2.276848341075653,-0.8496137130480891,0.4920766097623238,0.11781844490605212,-0.7784099362079743,1.2417077531513367,2.773700957906071,2.5708450690840827,0.3321097816183727,0.43018517457579586,0.6168788405310933,-1.5853455389992535,-0.20141104508660584,-7.141164040237413,3.194311993746406,3.6390543704534264,-2.001457309952294,-2.4934061497327233,-1.5986529494377897,4.484783448520254,-6.778597130831905,0.7480765168094351,2.901719652101967,-2.645178050586313,1.1860447547634556,-0.10196722251361211,-1.0015606688841034,-1.6646193459252043,6.8793808457090675,2.8523824044658475,-0.9249877109931642,-1.4130984315623853,3.0369870533176027,-2.754352094376771,4.193803649864757,-0.5431300694037244,2.436392116829427,0.350367544173235,-0.978419700812735,3.060683015187511,0.6223520581850185,1.5295288908965328,-0.051031955210446844,0.34644408182298286,-0.15958812670825795,-2.1839272053642445,1.6664728145365009,-2.555341211723421,-0.5926620983403466,-2.864246647471825,-3.1754735994350662,1.3649522057795795,-1.0657265679981915,3.180271381127153,-2.1502401807395892,-3.214621338039532,-4.985054190294093,-3.8602398874151094,4.882882968945733,-4.027859859111139,-2.6312559785252065,-0.9401204734644123,0.3549805089199682,-2.372609848434329,
-0.42941476055551187,-0.6126972800937244,2.2207217831911055,-1.39418322173615,-0.25312123652872565,0.23305579966019796,0.35162219895179175,1.0717003156020173,1.452896355019504,0.36565135736674864,0.010558183146591626,-2.069802763854585,-0.6044139138469171,-0.2206362616248797,-0.6046860857093451,-0.46058602567568874,0.3891961022173054,-0.43968277603289874,0.12888317641358427,-0.653154886550556,-0.22034497546050377,1.534391032286683,-0.5267100653208999,1.2380405330606257,-0.08245107410723163,2.2442238087146285,0.445867603402162,1.3329079736076868,-0.37161298731702974,0.4045839939062571,1.1279601783775086,-0.6850248760429039,0.6910115720987107,-0.15231579943592133,-0.9434479819655205,0.82114340441589,0.1732017084201578,-0.4723682107536266,-0.06772720352980388,-0.692704431015437,1.2041348286979503,-0.024867144057940882,1.4978233962694865,-0.6818149488483229,-0.14326695983791193,-0.38480784605015694,-1.3351432957322662,-0.6225169740587173,-0.06974287365727819,-0.2084228770787009,-0.4597647354892811,0.7840581919179327,1.3910613727916548,1.1423023924357991,0.7640115310216515,0.2805157168141503,1.2847671094581667,-0.743995932239622,0.8724171365711267,-3.0137409999973412,0.7874592290288867,1.7085916361653049,-0.5391265353530234,-0.8715890278983769,-1.1413159714686476,1.5107934049296186,-1.266360014703811,-1.358169592256903,1.6812522833313535,-1.017966760544496,0.8838374773408818,0.172949863650692,-0.07229915471659615,-1.7600540783656482,1.0984990837145168,0.8227965046082967,-0.4980897784992194,-0.9921858103302037,1.6622870538264916,-1.5568705648891115,0.548635350553967,0.15859909770035677,1.3285930382123494,0.2148907668900798,-0.15661591552559465,0.15083441082443094,0.11094237201763851,1.0151813795052527,-0.8037428642074157,0.2423618185068923,-0.6985309982287937,-1.7111679878092896,0.1041215365419133,-0.4474044912911706,0.6966904705033506,-1.7221736823757419,-0.8994136866611069,0.6072847065408051,0.8234628397841274,0.7052608369425324,-0.5496703701161079,-1.227401254145326,-1.2580495259026545,-1.3431700060591005,2.0576794094441704,-0.953958595866834,-1.12036947536457,-0.18362506237503795,-0.4662788312515711,-0.2909418859892051,
-0.6044613214211451,-1.0527050378726197,2.6339900386770383,-1.7105548914769695,-0.19189394005071153,0.1726877628428271,0.28077140328259864,1.452896355019504,1.9886332325097273,0.40482568167855043,-0.27864413436924806,-2.1542654382254467,-0.7514086446317072,-0.45819725943723566,-0.6991745343410966,-0.48486900355700085,0.3442204060733234,-0.6076102671977508,0.15332755663178813,-1.084828829463338,-0.27527164373174645,2.028183464718426,-0.7576299329398714,1.6788909694603482,0.1361160768557218,2.7707379870424527,0.5777521314603244,1.473954613665437,-0.5405994412317683,0.5591304571793145,1.5623067942020357,-0.7794437383912963,0.9650203419950806,-0.0713386211404568,-1.2129489237552193,1.0018941196019893,0.32560618489942994,-0.6961830023972306,0.1389346271263151,-0.9361721100893796,1.3470557938744256,0.11224057841835156,1.8058502630831612,-0.9445364117776076,-0.4008580263171556,-0.5116513646711021,-1.6321703102406306,-0.7815127214294855,-0.14436400460351145,-0.3005694141040531,-0.5625930577084052,0.9677111507183411,1.6616901975952207,1.336177363675527,1.0278869223018687,0.3475826225502683,1.7228524641556253,-0.8788860433105237,1.229901866993365,-3.4905636096475092,0.783546465530967,2.01853234595731,-0.5543917049801195,-0.9680722411376876,-1.428852890215793,1.6622901236746932,-1.1012656947856916,-1.9567310529354307,2.0519262822966757,-1.1564797242798366,1.111532530753768,0.24981970316973598,-0.0034250289513044763,-2.2809281023818233,0.8586210199217839,0.8656507428348243,-0.601587341989249,-1.2398945331728082,2.0125283669226914,-1.8936107003465503,0.35550990706238017,0.27258449147772457,1.6076489585423177,0.2642536203142775,-0.12264723454998461,-0.08680004570769317,0.0937222243007963,1.2605365037633693,-1.1102012114568585,0.30274734063414177,-0.9537259280816692,-2.1628672544823178,-0.01674328264739533,-0.3735542466885331,1.0239405619843163,-2.112326815541531,-0.9406978620731354,0.7105282029118257,1.2455899329499547,0.6708600765810414,-0.5546281726279023,-1.3919710499433509,-1.2632322049435727,-1.4901388803872468,2.382546909130639,-0.9339203513163578,-1.299903161088007,-0.1638254021489242,-0.6812684063611459,-0.17414953425044788,
-0.039538625857777614,0.8559204619875835,2.5637975058128,-1.3366118533397735,-0.8117333116345564,0.7665404955155768,1.0595058902598653,0.36565135736674864,0.40482568167855043,0.5605963737422882,1.4084828314853288,-3.831667967122803,-0.532269606250321,0.6876013849255374,-0.7846208527155862,-0.826331040806551,1.0123322880454153,-0.09469590858379895,0.14658968771043082,0.7331423535552101,-0.18762620155970255,0.772783104534145,0.02924692816923014,0.4200625944297769,-1.216910139005969,2.068832761699437,0.28019992755604833,2.05195870493882,0.049715385001632334,0.08702049008056276,0.2259266318899202,-0.949401183003836,0.1004311538100133,-0.70010386345929,-0.6387641947138796,0.8140193381072516,-0.3763273398792511,0.10640762749743825,-1.1296796139048328,-0.2503562421922577,1.7793827615913274,-0.7084016724633057,1.5887719651587768,-0.13573478900477354,0.9420240175767522,-0.17939001488182077,-1.3085295662552345,-0.5117740873758957,0.2150883057400602,0.015265377028328772,-0.44798534552220853,0.7241913581360564,1.5495817332647612,1.408466869452604,0.2984504897727619,0.25257199168663474,0.5289678606332683,-0.87602981664007,0.07144344203772732,-3.8822647634735947,1.6306253325882503,2.01101867260316,-1.0303416868881938,-1.3213824320291445,-0.9572914208447033,2.365961556867437,-3.3838412050178612,0.09034749282356669,1.6638105703548853,-1.4194512497342864,0.7172269358830657,-0.014616122033973555,-0.4782763911862708,-1.1048261435777007,3.398870054821991,1.4786863252882119,-0.5232240791458601,-0.8430310516946897,1.7229754139255613,-1.5719418456293435,2.0491436266374783,-0.2219787346278125,1.38130222004073,0.20314320477901351,-0.4834763533346799,1.4483223349579264,0.3096688447242025,0.9013877075516922,-0.17557035434656584,0.20651483473469498,-0.2060446379673515,-1.3364883881691874,0.7927357092947427,-1.269947918325035,-0.1432636462779471,-1.6541608886712633,-1.6430443844723797,0.7479551327491941,-0.3387545823174978,1.6085775967121214,-1.1013530440000647,-1.7231900699122382,-2.5502661607642985,-2.044564103675493,2.6539899775168734,-2.0487651121264583,-1.4323457702205615,-0.47081415706617996,0.07655069701268241,-1.155611440041984,
0.34058295622515916,3.426754570869579,5.843673045023473,-2.7888519268883574,-2.340642875026289,2.216839030888827,3.0319496706744578,0.010558183146591626,-0.27864413436924806,1.4084828314853288,4.528570874456291,-10.09499498669232,-1.0569408985054924,2.4568796683089897,-1.8700687745778772,-2.1615753067229537,2.8389382800068934,0.17398134611711086,0.3320412451449276,3.075089665478595,-0.36463086260401584,0.818599974538172,0.6683499406046274,0.004647580268641649,-3.832700805351258,4.222596974450626,0.417227997422588,5.161473849893125,0.5652829926686794,-0.16046701739229835,-0.5011471993214328,-2.3136552868660614,-0.4294246856950118,-2.0906891377670367,-1.0306910263831512,1.7289084934377095,-1.401824207193108,0.8578396728927785,-3.5675714357789605,-0.05199608622713181,4.423210820634428,-2.256345973006824,3.488700049219787,0.3056039205203939,3.192654113093221,-0.15882983967762793,-2.7626812349258345,-0.9711449796228409,0.7693265155280146,0.2763720207969662,-0.9429176624627871,1.479778780893934,3.478737843270011,3.295000012473862,0.12930264279479708,0.5083942082120162,0.3047622882801193,-2.012877138183299,-0.7205821179518737,-9.229263330922395,4.3978550626928214,4.620040431203228,-2.7335761178165625,-3.3093515903850457,-1.8417642161076557,5.979742796721947,-9.527172700512116,1.7715312195290254,3.530653923176961,-3.4659237231726303,1.3485775747242275,-0.2356162023669603,-1.46286676625457,-1.6429451921931804,9.758572713356022,3.8695824894496766,-1.1436693319014188,-1.6360004722771126,3.7420355583869,-3.370092993839775,6.007200265466535,-0.8883838651764557,3.0043946214009027,0.4205927882840145,-1.38772905514497,4.504097869975641,0.8772618824708664,1.7990427710252739,0.31009128449172374,0.4015193791197104,0.09718768868745187,-2.4429634612015847,2.4418052477448793,-3.605888986931929,-1.2211357629113908,-3.4549479426576535,-4.315864144673501,1.7490488354301665,-1.9894504945565994,4.416377090504632,-2.9509808464920013,-4.216721574238217,-6.849299547252721,-5.126453349722896,6.312102261876556,-5.564207119082004,-3.3958761316695485,-1.3174759382604786,0.7549623900575602,-3.4078717485828935,
0.062224002194450845,-6.453704937955226,-17.24084379527706,8.866500209782199,5.690603864022726,-5.376860960690194,-7.416651516075169,-2.069802763854585,-2.1542654382254467,-3.831667967122803,-10.09499498669232,26.410709579571567,3.505478297006337,-5.044602436194802,5.314985741219026,5.688362392954745,-7.058997742594501,0.4524729827954093,-0.9847918434474701,-5.5940963368786125,1.2319327900110193,-4.750940954191507,-0.4811916635997315,-2.374264708625903,8.684146766779142,-13.679266627375133,-1.7795618914174796,-14.027937415421466,-0.5480394924421543,-0.4155207656650065,-1.0388209069979795,6.4552443187845805,-0.36407055828626755,4.942046211556239,4.094434020270363,-5.41424805782326,2.7879637231250713,-1.0065154364242823,8.066192345626106,1.4383328353752767,-12.13962298774926,5.067235944613025,-10.621362839455115,0.6219778801605655,-6.829229507435128,1.0881084449554315,8.695546221580276,3.3491719138652636,-1.5783740404631676,-0.21688795843499364,2.975613324936374,-4.789191573707812,-10.395347333751129,-9.511598261596568,-1.7464732220946166,-1.6666575495375506,-3.131158204460518,5.8986948058989075,-0.0627020056490365,26.287056445777036,-11.287609412332808,-13.540729302383111,7.11087411010489,9.026624210530224,6.276661480376945,-16.18801860623176,23.61335944716176,-1.347873251200324,-11.064939441828521,9.654449389583878,-4.6878240880999815,0.19394985106727097,3.39252820210287,7.015767173839843,-23.807646277687343,-10.179820308717224,3.4954092003730475,5.5341428726160595,-11.498993558978292,10.470239654691973,-14.411951223755887,1.6735813435313935,-9.220785465770652,-1.3460184997761826,3.3863624267626857,-10.308393847006702,-2.1635027371883644,-5.940775455326789,0.8448049164549942,-1.3560388256493954,1.1175649205518974,8.702246113939747,-5.631161260141948,8.876397484790672,1.3864273254350756,10.974649949672536,11.318968773794856,-5.050711211511227,2.8536578193389035,-11.171865564569048,7.614672825486526,11.724665841459254,17.639953909307316,13.969620765741947,-17.971656553017386,14.200339939704078,9.694141216337185,3.281639896499408,-0.7892686531564193,8.137112107824,
0.16215406948159716,-0.45115010481645207,-2.60358269563251,1.430347913920777,0.6854023110306142,-0.6453988166590102,-0.9011708275367903,-0.6044139138469171,-0.7514086446317072,-0.532269606250321,-1.0569408985054924,3.505478297006337,0.5847928010980359,-0.4462741265163053,0.7736599396740563,0.7603744603096069,-0.8774807943952936,0.20658714074138693,-0.1494539920440621,-0.34680954093188565,0.20839072532945246,-1.0518365994103047,0.14073429441026017,-0.696473819177384,0.9358218688379625,-2.240557150616867,-0.3472715392648993,-1.9465786491887918,0.07753801802493657,-0.19000896442318133,-0.5172557093766146,0.9217349394823143,-0.2884716492464697,0.5707705356463273,0.7691327172335707,-0.8624807928068117,0.2280557774840897,0.06623340612314667,0.8660192356526508,0.40115274295345227,-1.702908738172811,0.5376302401718487,-1.6509853836461548,0.3120428594159864,-0.6604934429896053,0.25300470328237673,1.3911119599937212,0.5750492210519176,-0.13937476555652706,0.052927456310789336,0.477081770860562,-0.7838312839930334,-1.5887061331177994,-1.4063379841817463,-0.45914688222707245,-0.27555326281878006,-0.7923716072666708,0.8850524976423427,-0.32279228409400224,3.8347563416399852,-1.4629814779451735,-2.0319382385535185,0.9372423338536626,1.2576117271676381,1.0685106222109264,-2.236402570488237,2.9224097368836377,0.35172581085953997,-1.7637524230365833,1.3761686027936164,-0.8094265791589509,-0.042461401642357496,0.3801182204736345,1.369906944340629,-2.8818282270109763,-1.3602262762079345,0.5451998931279547,0.9369911310349873,-1.802158211609651,1.6566247549158724,-1.7023403053964623,0.1170964473519101,-1.4435306412665616,-0.21831503770835167,0.4100398280157868,-1.1300528740875357,-0.26591400110895425,-0.9877470835051789,0.3794871230428096,-0.22931861721192567,0.3698022475893129,1.52811983573999,-0.6251888497764893,1.0881731375194954,-0.10791767234246599,1.7691673963252421,1.5068363857773497,-0.7470327243666804,-8.106326778060668E-4,-1.4211101226791645,0.9936209393267657,1.668054335972959,2.296249341452173,1.9442150215146772,-2.6207184929591905,1.827194604370406,1.4174302499361793,0.40890595046923933,0.08668926985466453,0.9543329273512213,
0.2756467568815701,1.9902170478238852,2.704166831686861,-1.2199196794686507,-1.2175531558248704,1.1545633644491444,1.5721415388185052,-0.2206362616248797,-0.45819725943723566,0.6876013849255374,2.4568796683089897,-5.044602436194802,-0.4462741265163053,1.3807414801492945,-0.8877622810249094,-1.0764939888375125,1.4593957327493128,0.187347415505634,0.1530821123174223,1.807801208164951,-0.15145997311383674,0.12041582250009886,0.47418233716538777,-0.25898100672901014,-2.0638219405633396,1.818924012224757,0.13238538075943096,2.521246438481177,0.38545446946227113,-0.17259511926809012,-0.5103865855758034,-1.1116696073208703,-0.3791454042782846,-1.103115585318981,-0.36040752086309735,0.7653881287866776,-0.7978046886190844,0.5656009297636163,-1.9229611274372516,0.11808131102920799,2.1475540596483285,-1.219991056544041,1.5780606550605434,0.30996555452808655,1.7639402663329071,-0.004967041919873155,-1.2181791306199898,-0.39586131349321857,0.43249199585982623,0.1940999156621287,-0.414910575830733,0.6379387357645725,1.5952017428771554,1.54797225373329,-0.09116403573299825,0.21681696522625687,-0.10588217644035058,-0.9358845638888295,-0.5755673874770426,-4.375108755204629,2.2217975253814575,2.1478829652287588,-1.3705128381516618,-1.612946813668994,-0.7590428197448189,2.928009995618379,-4.905969872970871,1.2488579066838752,1.5620977846508177,-1.6670502023344245,0.5456178546564061,-0.1644758671419866,-0.7790962435971905,-0.5203871108988598,5.067081351701063,1.9274702334689526,-0.5158277848530097,-0.6788087261864668,1.6808884107060709,-1.5011822935301138,3.1461515293467075,-0.5159112855197888,1.35081819074274,0.18300054658458187,-0.7204850938442956,2.413960504764328,0.45293799725725425,0.7624869124510507,0.33815647556515593,0.1668407171231086,0.20032197271619506,-0.9651399106202249,1.3039588820335097,-1.8635711470748877,-0.8102607968273627,-1.51234422488742,-2.153627175008521,0.8214970001645183,-1.2542494107771667,2.2492177092162238,-1.4863410881472827,-2.0305115854245033,-3.453583462737553,-2.5000619710590444,2.9929723858387156,-2.819982595126948,-1.607382895019233,-0.6766311657340657,0.5084501607558098,-1.7890923632472517,
0.1003488994552359,-1.0673816223554404,-3.6495000553735473,1.928998070475789,1.1053013998567858,-1.0430982592701012,-1.4450507703565654,-0.6046860857093451,-0.6991745343410966,-0.7846208527155862,-1.8700687745778772,5.314985741219026,0.7736599396740563,-0.8877622810249094,1.1085307735596237,1.147806114230375,-1.3866469560471666,0.17468116734203826,-0.20887959525250502,-0.8999578922307133,0.27352950891902267,-1.1964986458258369,0.01992833795551644,-0.6954326837012814,1.6238913668560127,-2.9953607455580773,-0.42151292114787364,-2.871346322852504,-0.02452640675287822,-0.16058278018588537,-0.42556154178334593,1.336133834628393,-0.21031785936879932,0.9459410015594856,0.9527728240761242,-1.1716771476079815,0.48002778049374184,-0.08851473378850416,1.5065047806171652,0.40943963091492375,-2.4953100247832256,0.9427389029126582,-2.2751422769271974,0.2561360864965166,-1.2339790153255772,0.2809409786304668,1.885152389894118,0.7484835376754692,-0.27761962340165464,0.0029867180743286467,0.6456942016627898,-1.0483504395896939,-2.211235972529458,-1.9962529881794018,-0.4812067964529937,-0.3664148327869429,-0.8451478588915321,1.2453547458321814,-0.19208383971576448,5.487384137397343,-2.251461189303161,-2.858917716559496,1.4272626658957337,1.8505138149707805,1.3974861273541757,-3.3078279764166565,4.631177029988204,0.03157448949865983,-2.3951645981299254,1.996962800158958,-1.050236262118726,1.0753655879855092E-4,0.6426790030756975,1.6622453859917354,-4.632399695401449,-2.053796564443493,0.749800950809652,1.229245919494008,-2.4715545109688293,2.259395273434939,-2.7801536188705396,0.27685369530071446,-1.9809827135432458,-0.2935105298445908,0.658981246920956,-1.9385738911763872,-0.423265842301085,-1.3092426811866489,0.32258988282956336,-0.3010476955707113,0.35129307760969325,1.964182505382034,-1.06347824979726,1.7349637122059718,0.11240325825804899,2.3869239146313426,2.2804243096689594,-1.0601694497749488,0.3576598817382347,-2.2130401552245322,1.5226621872591397,2.423343452460028,3.5241940555190987,2.86267891587727,-3.7509933611787694,2.824850615845744,2.0254916579136832,0.6451918984325559,-0.049577143102586034,1.5658048458306852,
0.020305662852096354,-1.3718162739312159,-3.727489149057027,1.9210470219720408,1.2225112654007844,-1.1550105817079033,-1.59367102621218,-0.46058602567568874,-0.48486900355700085,-0.826331040806551,-2.1615753067229537,5.688362392954745,0.7603744603096069,-1.0764939888375125,1.147806114230375,1.2254051247396225,-1.5177060671804483,0.10402746695229734,-0.21294617855125691,-1.1871106041366626,0.2673479941328579,-1.0421592571209535,-0.09446093301847466,-0.5284783028523097,1.86067270830996,-2.9653146678389524,-0.38826634844636143,-3.0251476030761046,-0.11129565881844203,-0.09554498558894087,-0.24076104558464367,1.393249300200476,-0.08918702214318372,1.0606009500544755,0.8919870235089797,-1.1725788255896572,0.5941044453534087,-0.20781984691893718,1.7281252383879686,0.3192210413456981,-2.6187531944728737,1.0853323222856983,-2.2984598289327494,0.1442570904602084,-1.4598523404818478,0.23922875281300374,1.8834845675499345,0.727202644652814,-0.33680592169342705,-0.04304775925446651,0.6445746771746542,-1.0381471201028736,-2.248332295845462,-2.055070618087014,-0.3863554771326764,-0.36140386308907596,-0.6912939507737985,1.2750474375582685,-0.027612069193683045,5.6772376928418025,-2.4295556473112048,-2.9269425323148686,1.5312512869478354,1.9468322271362635,1.362433723991859,-3.4905276898329554,5.076366157020172,-0.26650194098863506,-2.3964153469003193,2.0836340327067293,-1.0180662881962053,0.03871342114190529,0.7275379158096824,1.5307428859457863,-5.1152344833813475,-2.1929454986077723,0.7564895686766545,1.2010305550221934,-2.4890407253241915,2.267063598733051,-3.094613671860361,0.35574544853221474,-1.995835161559746,-0.2916857854272039,0.7275889346816266,-2.209546539383106,-0.46502404023421007,-1.2884671683976157,0.19394857795735687,-0.29427793354009746,0.250637310651873,1.8910339357232995,-1.2073612010653112,1.9077696663419788,0.28551352810714176,2.377749243544557,2.4380904818844877,-1.091265489511874,0.5975954905617985,-2.4034374396677554,1.6392893078081245,2.5302865464615674,3.797286316399208,3.012828512026724,-3.8813094997319997,3.0558976578177504,2.0937975723643367,0.7056063849436146,-0.16140493276093668,1.7469395134494055,
0.05992960659837773,1.9266364304075134,4.451280370954237,-2.2437051562227444,-1.5557507835594997,1.4710786647643819,2.023715986338974,0.3891961022173054,0.3442204060733234,1.0123322880454153,2.8389382800068934,-7.058997742594501,-0.8774807943952936,1.4593957327493128,-1.3866469560471666,-1.5177060671804483,1.9162922601365537,-0.04803901637686958,0.25388859613671744,1.6920292146947364,-0.30694266260075165,1.0602567326923074,0.2303988502818019,0.4448774456074003,-2.4289450396942938,3.444775159989283,0.4203810291309193,3.7072405079424904,0.22124054863785525,0.04396992779625135,0.08892066438108803,-1.693040030767849,-0.022162717879170013,-1.3632775756540494,-0.9820784138345116,1.3755448174108806,-0.8157985556725514,0.3684307802556498,-2.257701171220484,-0.27984118329616287,3.1990709021732084,-1.4214912717145982,2.7188524106850585,-0.052073739284634796,1.947656684069784,-0.23680988480760218,-2.2062440153721963,-0.8302297801805429,0.4567491125005484,0.09862137294418659,-0.7544568314994908,1.2063349670786,2.6745024984501997,2.4706666998440876,0.35369583471074106,0.4184278621894304,0.6494489657022713,-1.525786125719418,-0.13968558824396057,-6.853971747756793,3.0344476945940637,3.502384476272734,-1.9038525713437344,-2.3830097929810434,-1.5604978928383875,4.283031413494639,-6.416684594177389,0.6242369325048925,2.810600395383189,-2.533289107399912,1.1598149725122522,-0.08576917881741537,-0.9416563119555096,-1.6569078828205557,6.501630870929298,2.71633100828904,-0.8938216023675537,-1.3784389589423327,2.9361681513299596,-2.6656761958077606,3.956740954787588,-0.4995657128313965,2.355233365759178,0.34003123801371216,-0.9247156154466857,2.8736938199582265,0.5888261942239537,1.4887228360854128,-0.0927913831866338,0.33789697238183247,-0.18852281741742286,-2.1403176136681905,1.5658934031798415,-2.4172312557226037,-0.515796150488393,-2.7778122276637456,-3.023082835382738,1.3118085722951742,-0.9515528780145646,3.016699661855257,-2.0437255944006614,-3.0781015709945225,-4.737201451800107,-3.688978920840487,4.686341956606312,-3.8240957285843695,-2.525991644736422,-0.8903747507193986,0.30619700116462556,-2.2374045122933808,
0.18975188931065384,0.3865388381814707,-0.6818487020703862,0.46271366149836324,0.011780157123321783,-0.008415098984489305,-0.025009104422006018,-0.43968277603289874,-0.6076102671977508,-0.09469590858379895,0.17398134611711086,0.4524729827954093,0.20658714074138693,0.187347415505634,0.17468116734203826,0.10402746695229734,-0.04803901637686958,0.1874083868311535,-0.03985198760115569,0.38930576932859917,0.07612793384891903,-0.5978713106319634,0.24261280056340312,-0.5082238643861039,-0.11705761386162583,-0.7553314424072106,-0.16666874104282267,-0.34412629199156247,0.17486312709902718,-0.17246277486112294,-0.48293506258201574,0.19020597724035976,-0.30067602090206513,-0.01977386117760163,0.3468466087639377,-0.26912866133597313,-0.12632431648044487,0.22775842764035445,-0.11266429682837578,0.2824147655570671,-0.32031488765194693,-0.07863412740021786,-0.47771672569904583,0.29202381723626886,0.18454723808957074,0.15176897112262305,0.43949915028652686,0.21739954525169308,0.05893324078629299,0.09647221527604115,0.15167609196096976,-0.26370919069506926,-0.43426669655963396,-0.3393475766602436,-0.30865331951173314,-0.09517648838837423,-0.5155950177644337,0.22626615184326038,-0.38663564693858044,0.874194499864397,-0.15020360282978762,-0.519721958662146,0.11375736048789298,0.22761281783876758,0.39616514470094205,-0.3849555609746899,0.14489421724693635,0.627494255779986,-0.5513906397117976,0.28155829880969974,-0.30985018107237705,-0.08030026202623528,-0.02791190510340784,0.6580814108637224,-0.06684976489489924,-0.18551628570011366,0.15950963947261598,0.3430263367016374,-0.5352791154747509,0.5066349830394659,0.011240102019089149,-0.1001104505075571,-0.4272915459395338,-0.07168458069371383,0.00967177309157656,0.11541263788159067,-0.011015895863425301,-0.3460496124499239,0.34227075412772184,-0.08371672558323323,0.290681735134018,0.606504581904382,0.05339060626120912,0.04174308229675827,-0.334182519488057,0.5711761952073395,0.1994066765460612,-0.18051358649161836,-0.41649533702665004,-0.11571914265086355,0.10952669966085932,0.3380000743750882,0.2469254729498638,0.34971940941695523,-0.596449744344792,0.17265100509656012,0.3263686260311113,0.02352948807864135,0.22120689852404826,-0.014711853185603863,
